IdentityKey,IdentityName,Isomorphism,ShapeCode,_2001_16_1,_2001_16_2,_2001_16_3,_2001_16_4,_2001_16_5,_2001_16_6,_2001_16_7,_2001_16_8,_2001_16_9,_2001_16_10,_2001_16_11,_2001_16_12,_2001_16_13,_2001_16_14,_2001_16_15,_2001_16_16,_2001_16_17,_2001_16_18,_2001_16_19,_2001_16_20,_2001_16_21,_2001_16_22,_2001_16_23,_2001_16_24,_2001_16_25,_2001_16_26,_2001_16_27,_2001_16_28,_2001_2_1,_2001_2_2,_2001_2_3,_2001_2_4,_2001_2_5,_2001_2_6,_2001_2_7,_2001_2_8,_2001_2_9,_2001_2_10,_2001_2_11,_2001_2_12,_2001_2_13,_2001_2_14,_2001_2_15,_2001_2_16,_2001_2_17,_2001_2_18,_2001_2_19,_2001_2_20,_2001_2_21,_2001_2_22,_2001_2_23,_2001_2_24,_2001_2_25,_2001_2_26,_2001_2_27,_2001_2_28,_2001_32_1,_2001_32_2,_2001_32_3,_2001_32_4,_2001_32_5,_2001_32_6,_2001_32_7,_2001_32_8,_2001_32_9,_2001_32_10,_2001_32_11,_2001_32_12,_2001_32_13,_2001_32_14,_2001_32_15,_2001_32_16,_2001_32_17,_2001_32_18,_2001_32_19,_2001_32_20,_2001_32_21,_2001_32_22,_2001_32_23,_2001_32_24,_2001_32_25,_2001_32_26,_2001_32_27,_2001_32_28,_2001_4_1,_2001_4_2,_2001_4_3,_2001_4_4,_2001_4_5,_2001_4_6,_2001_4_7,_2001_4_8,_2001_4_9,_2001_4_10,_2001_4_11,_2001_4_12,_2001_4_13,_2001_4_14,_2001_4_15,_2001_4_16,_2001_4_17,_2001_4_18,_2001_4_19,_2001_4_20,_2001_4_21,_2001_4_22,_2001_4_23,_2001_4_24,_2001_4_25,_2001_4_26,_2001_4_27,_2001_4_28,_2001_4_29,_2001_4_30,_2001_4_31,_2001_4_32,_2001_4_33,_2001_4_34,_2001_4_35,_2001_4_36,_2001_4_37,_2001_4_38,_2001_4_39,_2001_4_40,_2001_4_41,_2001_4_42,_2001_4_43,_2001_4_44,_2001_4_45,_2001_4_46,_2001_4_47,_2001_4_48,_2001_4_49,_2001_4_50,_2001_4_51,_2001_4_52,_2001_4_53,_2001_4_54,_2001_4_55,_2001_4_56,_2001_4_57,_2001_4_58,_2001_4_59,_2001_4_60,_2001_4_61,_2001_4_62,_2001_4_63,_2001_4_64,_2001_8_1,_2001_8_2,_2001_8_3,_2001_8_4,_2001_8_5,_2001_8_6,_2001_8_7,_2001_8_8,_2001_8_9,_2001_8_10,_2001_8_11,_2001_8_12,_2001_8_13,_2001_8_14,_2001_8_15,_2001_8_16,_2001_8_17,_2001_8_18,_2001_8_19,_2001_8_20,_2001_8_21,_2001_8_22,_2001_8_23,_2001_8_24,_2001_8_25,_2001_8_26,_2001_8_27,_2001_8_28,_2001_8_29,_2001_8_30,_2001_8_31,_2001_8_32,_2001_8_33,_2001_8_34,_2001_8_35,_2001_8_36,_2001_8_37,_2001_8_38,_2001_8_39,_2001_8_40,_2001_8_41,_2001_8_42,_2001_8_43,_2001_8_44,_2001_8_45,_2001_8_46,_2001_8_47,_2001_8_48,_2001_8_49,_2001_8_50,_2001_8_51,_2001_8_52,_2001_8_53,_2001_8_54,_2001_8_55,_2001_8_56,_2001_8_57,_2001_8_58,_2001_8_59,_2001_8_60,_2001_8_61,_2001_8_62,_2001_8_63,_2001_8_64,_2002_16384_1,_2002_16384_2,_2002_16384_3,_2002_16384_4,_2002_16384_5,_2002_16384_6,_2002_16384_7,_2002_16384_8,_2002_32768_1,_2002_32768_2,_2002_32768_3,_2002_32768_4,_2002_32768_5,_2002_32768_6,_2002_32768_7,_2002_32768_8,_2002_8192_1,_2002_8192_2,_2002_8192_3,_2002_8192_4,_2002_8192_5,_2002_8192_6,_2002_8192_7,_2002_8192_8,_2006_549755813888_1,_2006_549755813888_2,_2006_549755813888_3,_2006_549755813888_4,_2006_549755813888_5,_2006_549755813888_6,_2006_549755813888_7,_2006_549755813888_8,_2006_549755813888_9,_2006_549755813888_10,_2006_549755813888_11,_2006_549755813888_12,_2006_549755813888_13,_2006_549755813888_14,_2006_549755813888_15,_2006_549755813888_16,_2008_16_1,_2008_16_2,_2008_16_3,_2008_16_4,_2008_16_5,_2008_16_6,_2008_16_7,_2008_16_8,_2008_16_9,_2008_16_10,_2008_16_11,_2008_16_12,_2008_16_13,_2008_16_14,_2008_16_15,_2008_16_16,_2008_16_17,_2008_16_18,_2008_16_19,_2008_16_20,_2008_16_21,_2008_16_22,_2008_16_23,_2008_16_24,_2008_16_25,_2008_16_26,_2008_16_27,_2008_16_28,_2008_16_Offset_1,_2008_16_Offset_2,_2008_16_Offset_3,_2008_16_Offset_4,_2008_16_Offset_5,_2008_16_Offset_6,_2008_16_Offset_7,_2008_16_Offset_8,_2008_16_Offset_9,_2008_16_Offset_10,_2008_16_Offset_11,_2008_16_Offset_12,_2008_16_Offset_13,_2008_16_Offset_14,_2008_16_Offset_15,_2008_16_Offset_16,_2008_16_Offset_17,_2008_16_Offset_18,_2008_16_Offset_19,_2008_16_Offset_20,_2008_16_Offset_21,_2008_16_Offset_22,_2008_16_Offset_23,_2008_16_Offset_24,_2008_16_Offset_25,_2008_16_Offset_26,_2008_16_Offset_27,_2008_16_Offset_28,_2008_16_Offset_29,_2008_16_Offset_30,_2008_16_Offset_31,_2008_16_Offset_32,_2008_16_Offset_33,_2008_16_Offset_34,_2008_16_Offset_35,_2008_16_Offset_36,_2008_16_Offset_37,_2008_16_Offset_38,_2008_16_Offset_39,_2008_16_Offset_40,_2008_16_Offset_41,_2008_16_Offset_42,_2008_16_Offset_43,_2008_16_Offset_44,_2008_16_Offset_45,_2008_16_Offset_46,_2008_16_Offset_47,_2008_16_Offset_48,_2008_16_Offset_49,_2008_16_Offset_50,_2008_16_Offset_51,_2008_16_Offset_52,_2008_16_Offset_53,_2008_16_Offset_54,_2008_16_Offset_55,_2008_16_Offset_56,_2008_2_1,_2008_2_2,_2008_2_3,_2008_2_4,_2008_2_5,_2008_2_6,_2008_2_7,_2008_2_8,_2008_2_9,_2008_2_10,_2008_2_11,_2008_2_12,_2008_2_13,_2008_2_14,_2008_2_15,_2008_2_16,_2008_2_17,_2008_2_18,_2008_2_19,_2008_2_20,_2008_2_21,_2008_2_22,_2008_2_23,_2008_2_24,_2008_2_25,_2008_2_26,_2008_2_27,_2008_2_28,_2008_2_Offset_1,_2008_2_Offset_2,_2008_2_Offset_3,_2008_2_Offset_4,_2008_2_Offset_5,_2008_2_Offset_6,_2008_2_Offset_7,_2008_2_Offset_8,_2008_2_Offset_9,_2008_2_Offset_10,_2008_2_Offset_11,_2008_2_Offset_12,_2008_2_Offset_13,_2008_2_Offset_14,_2008_2_Offset_15,_2008_2_Offset_16,_2008_2_Offset_17,_2008_2_Offset_18,_2008_2_Offset_19,_2008_2_Offset_20,_2008_2_Offset_21,_2008_2_Offset_22,_2008_2_Offset_23,_2008_2_Offset_24,_2008_2_Offset_25,_2008_2_Offset_26,_2008_2_Offset_27,_2008_2_Offset_28,_2008_2_Offset_29,_2008_2_Offset_30,_2008_2_Offset_31,_2008_2_Offset_32,_2008_2_Offset_33,_2008_2_Offset_34,_2008_2_Offset_35,_2008_2_Offset_36,_2008_2_Offset_37,_2008_2_Offset_38,_2008_2_Offset_39,_2008_2_Offset_40,_2008_2_Offset_41,_2008_2_Offset_42,_2008_2_Offset_43,_2008_2_Offset_44,_2008_2_Offset_45,_2008_2_Offset_46,_2008_2_Offset_47,_2008_2_Offset_48,_2008_2_Offset_49,_2008_2_Offset_50,_2008_2_Offset_51,_2008_2_Offset_52,_2008_2_Offset_53,_2008_2_Offset_54,_2008_2_Offset_55,_2008_2_Offset_56,_2008_32_1,_2008_32_2,_2008_32_3,_2008_32_4,_2008_32_5,_2008_32_6,_2008_32_7,_2008_32_8,_2008_32_9,_2008_32_10,_2008_32_11,_2008_32_12,_2008_32_13,_2008_32_14,_2008_32_15,_2008_32_16,_2008_32_17,_2008_32_18,_2008_32_19,_2008_32_20,_2008_32_21,_2008_32_22,_2008_32_23,_2008_32_24,_2008_32_25,_2008_32_26,_2008_32_27,_2008_32_28,_2008_32_Offset_1,_2008_32_Offset_2,_2008_32_Offset_3,_2008_32_Offset_4,_2008_32_Offset_5,_2008_32_Offset_6,_2008_32_Offset_7,_2008_32_Offset_8,_2008_32_Offset_9,_2008_32_Offset_10,_2008_32_Offset_11,_2008_32_Offset_12,_2008_32_Offset_13,_2008_32_Offset_14,_2008_32_Offset_15,_2008_32_Offset_16,_2008_32_Offset_17,_2008_32_Offset_18,_2008_32_Offset_19,_2008_32_Offset_20,_2008_32_Offset_21,_2008_32_Offset_22,_2008_32_Offset_23,_2008_32_Offset_24,_2008_32_Offset_25,_2008_32_Offset_26,_2008_32_Offset_27,_2008_32_Offset_28,_2008_32_Offset_29,_2008_32_Offset_30,_2008_32_Offset_31,_2008_32_Offset_32,_2008_32_Offset_33,_2008_32_Offset_34,_2008_32_Offset_35,_2008_32_Offset_36,_2008_32_Offset_37,_2008_32_Offset_38,_2008_32_Offset_39,_2008_32_Offset_40,_2008_32_Offset_41,_2008_32_Offset_42,_2008_32_Offset_43,_2008_32_Offset_44,_2008_32_Offset_45,_2008_32_Offset_46,_2008_32_Offset_47,_2008_32_Offset_48,_2008_32_Offset_49,_2008_32_Offset_50,_2008_32_Offset_51,_2008_32_Offset_52,_2008_32_Offset_53,_2008_32_Offset_54,_2008_32_Offset_55,_2008_32_Offset_56,_2008_4_1,_2008_4_2,_2008_4_3,_2008_4_4,_2008_4_5,_2008_4_6,_2008_4_7,_2008_4_8,_2008_4_9,_2008_4_10,_2008_4_11,_2008_4_12,_2008_4_13,_2008_4_14,_2008_4_15,_2008_4_16,_2008_4_17,_2008_4_18,_2008_4_19,_2008_4_20,_2008_4_21,_2008_4_22,_2008_4_23,_2008_4_24,_2008_4_25,_2008_4_26,_2008_4_27,_2008_4_28,_2008_4_29,_2008_4_30,_2008_4_31,_2008_4_32,_2008_4_33,_2008_4_34,_2008_4_35,_2008_4_36,_2008_4_37,_2008_4_38,_2008_4_39,_2008_4_40,_2008_4_41,_2008_4_42,_2008_4_43,_2008_4_44,_2008_4_45,_2008_4_46,_2008_4_47,_2008_4_48,_2008_4_49,_2008_4_50,_2008_4_51,_2008_4_52,_2008_4_53,_2008_4_54,_2008_4_55,_2008_4_56,_2008_4_57,_2008_4_58,_2008_4_59,_2008_4_60,_2008_4_61,_2008_4_62,_2008_4_63,_2008_4_64,_2008_4_Offset_1,_2008_4_Offset_2,_2008_4_Offset_3,_2008_4_Offset_4,_2008_4_Offset_5,_2008_4_Offset_6,_2008_4_Offset_7,_2008_4_Offset_8,_2008_4_Offset_9,_2008_4_Offset_10,_2008_4_Offset_11,_2008_4_Offset_12,_2008_4_Offset_13,_2008_4_Offset_14,_2008_4_Offset_15,_2008_4_Offset_16,_2008_4_Offset_17,_2008_4_Offset_18,_2008_4_Offset_19,_2008_4_Offset_20,_2008_4_Offset_21,_2008_4_Offset_22,_2008_4_Offset_23,_2008_4_Offset_24,_2008_4_Offset_25,_2008_4_Offset_26,_2008_4_Offset_27,_2008_4_Offset_28,_2008_4_Offset_29,_2008_4_Offset_30,_2008_4_Offset_31,_2008_4_Offset_32,_2008_4_Offset_33,_2008_4_Offset_34,_2008_4_Offset_35,_2008_4_Offset_36,_2008_4_Offset_37,_2008_4_Offset_38,_2008_4_Offset_39,_2008_4_Offset_40,_2008_4_Offset_41,_2008_4_Offset_42,_2008_4_Offset_43,_2008_4_Offset_44,_2008_4_Offset_45,_2008_4_Offset_46,_2008_4_Offset_47,_2008_4_Offset_48,_2008_4_Offset_49,_2008_4_Offset_50,_2008_4_Offset_51,_2008_4_Offset_52,_2008_4_Offset_53,_2008_4_Offset_54,_2008_4_Offset_55,_2008_4_Offset_56,_2008_4_Offset_57,_2008_4_Offset_58,_2008_4_Offset_59,_2008_4_Offset_60,_2008_4_Offset_61,_2008_4_Offset_62,_2008_4_Offset_63,_2008_4_Offset_64,_2008_4_Offset_65,_2008_4_Offset_66,_2008_4_Offset_67,_2008_4_Offset_68,_2008_4_Offset_69,_2008_4_Offset_70,_2008_4_Offset_71,_2008_4_Offset_72,_2008_4_Offset_73,_2008_4_Offset_74,_2008_4_Offset_75,_2008_4_Offset_76,_2008_4_Offset_77,_2008_4_Offset_78,_2008_4_Offset_79,_2008_4_Offset_80,_2008_4_Offset_81,_2008_4_Offset_82,_2008_4_Offset_83,_2008_4_Offset_84,_2008_4_Offset_85,_2008_4_Offset_86,_2008_4_Offset_87,_2008_4_Offset_88,_2008_4_Offset_89,_2008_4_Offset_90,_2008_4_Offset_91,_2008_4_Offset_92,_2008_4_Offset_93,_2008_4_Offset_94,_2008_4_Offset_95,_2008_4_Offset_96,_2008_4_Offset_97,_2008_4_Offset_98,_2008_4_Offset_99,_2008_4_Offset_100,_2008_4_Offset_101,_2008_4_Offset_102,_2008_4_Offset_103,_2008_4_Offset_104,_2008_4_Offset_105,_2008_4_Offset_106,_2008_4_Offset_107,_2008_4_Offset_108,_2008_4_Offset_109,_2008_4_Offset_110,_2008_4_Offset_111,_2008_4_Offset_112,_2008_4_Offset_113,_2008_4_Offset_114,_2008_4_Offset_115,_2008_4_Offset_116,_2008_4_Offset_117,_2008_4_Offset_118,_2008_4_Offset_119,_2008_4_Offset_120,_2008_4_Offset_121,_2008_4_Offset_122,_2008_4_Offset_123,_2008_4_Offset_124,_2008_4_Offset_125,_2008_4_Offset_126,_2008_4_Offset_127,_2008_4_Offset_128,_2008_8_1,_2008_8_2,_2008_8_3,_2008_8_4,_2008_8_5,_2008_8_6,_2008_8_7,_2008_8_8,_2008_8_9,_2008_8_10,_2008_8_11,_2008_8_12,_2008_8_13,_2008_8_14,_2008_8_15,_2008_8_16,_2008_8_17,_2008_8_18,_2008_8_19,_2008_8_20,_2008_8_21,_2008_8_22,_2008_8_23,_2008_8_24,_2008_8_25,_2008_8_26,_2008_8_27,_2008_8_28,_2008_8_29,_2008_8_30,_2008_8_31,_2008_8_32,_2008_8_33,_2008_8_34,_2008_8_35,_2008_8_36,_2008_8_37,_2008_8_38,_2008_8_39,_2008_8_40,_2008_8_41,_2008_8_42,_2008_8_43,_2008_8_44,_2008_8_45,_2008_8_46,_2008_8_47,_2008_8_48,_2008_8_49,_2008_8_50,_2008_8_51,_2008_8_52,_2008_8_53,_2008_8_54,_2008_8_55,_2008_8_56,_2008_8_57,_2008_8_58,_2008_8_59,_2008_8_60,_2008_8_61,_2008_8_62,_2008_8_63,_2008_8_64,_2008_8_Offset_1,_2008_8_Offset_2,_2008_8_Offset_3,_2008_8_Offset_4,_2008_8_Offset_5,_2008_8_Offset_6,_2008_8_Offset_7,_2008_8_Offset_8,_2008_8_Offset_9,_2008_8_Offset_10,_2008_8_Offset_11,_2008_8_Offset_12,_2008_8_Offset_13,_2008_8_Offset_14,_2008_8_Offset_15,_2008_8_Offset_16,_2008_8_Offset_17,_2008_8_Offset_18,_2008_8_Offset_19,_2008_8_Offset_20,_2008_8_Offset_21,_2008_8_Offset_22,_2008_8_Offset_23,_2008_8_Offset_24,_2008_8_Offset_25,_2008_8_Offset_26,_2008_8_Offset_27,_2008_8_Offset_28,_2008_8_Offset_29,_2008_8_Offset_30,_2008_8_Offset_31,_2008_8_Offset_32,_2008_8_Offset_33,_2008_8_Offset_34,_2008_8_Offset_35,_2008_8_Offset_36,_2008_8_Offset_37,_2008_8_Offset_38,_2008_8_Offset_39,_2008_8_Offset_40,_2008_8_Offset_41,_2008_8_Offset_42,_2008_8_Offset_43,_2008_8_Offset_44,_2008_8_Offset_45,_2008_8_Offset_46,_2008_8_Offset_47,_2008_8_Offset_48,_2008_8_Offset_49,_2008_8_Offset_50,_2008_8_Offset_51,_2008_8_Offset_52,_2008_8_Offset_53,_2008_8_Offset_54,_2008_8_Offset_55,_2008_8_Offset_56,_2008_8_Offset_57,_2008_8_Offset_58,_2008_8_Offset_59,_2008_8_Offset_60,_2008_8_Offset_61,_2008_8_Offset_62,_2008_8_Offset_63,_2008_8_Offset_64,_2008_8_Offset_65,_2008_8_Offset_66,_2008_8_Offset_67,_2008_8_Offset_68,_2008_8_Offset_69,_2008_8_Offset_70,_2008_8_Offset_71,_2008_8_Offset_72,_2008_8_Offset_73,_2008_8_Offset_74,_2008_8_Offset_75,_2008_8_Offset_76,_2008_8_Offset_77,_2008_8_Offset_78,_2008_8_Offset_79,_2008_8_Offset_80,_2008_8_Offset_81,_2008_8_Offset_82,_2008_8_Offset_83,_2008_8_Offset_84,_2008_8_Offset_85,_2008_8_Offset_86,_2008_8_Offset_87,_2008_8_Offset_88,_2008_8_Offset_89,_2008_8_Offset_90,_2008_8_Offset_91,_2008_8_Offset_92,_2008_8_Offset_93,_2008_8_Offset_94,_2008_8_Offset_95,_2008_8_Offset_96,_2008_8_Offset_97,_2008_8_Offset_98,_2008_8_Offset_99,_2008_8_Offset_100,_2008_8_Offset_101,_2008_8_Offset_102,_2008_8_Offset_103,_2008_8_Offset_104,_2008_8_Offset_105,_2008_8_Offset_106,_2008_8_Offset_107,_2008_8_Offset_108,_2008_8_Offset_109,_2008_8_Offset_110,_2008_8_Offset_111,_2008_8_Offset_112,_2008_8_Offset_113,_2008_8_Offset_114,_2008_8_Offset_115,_2008_8_Offset_116,_2008_8_Offset_117,_2008_8_Offset_118,_2008_8_Offset_119,_2008_8_Offset_120,_2008_8_Offset_121,_2008_8_Offset_122,_2008_8_Offset_123,_2008_8_Offset_124,_2008_8_Offset_125,_2008_8_Offset_126,_2008_8_Offset_127,_2008_8_Offset_128,_2013_1_1,_2013_1_2,_2013_1_3,_2013_1_4,_2013_1_5,_2013_1_6,_2013_1_7,_2013_1_8,_2018_16384_1,_2018_16384_2,_2018_16384_3,_2018_16384_4,_2018_16384_5,_2018_16384_6,_2018_16384_7,_2018_16384_8,_2018_16384_Offset_1,_2018_16384_Offset_2,_2018_16384_Offset_3,_2018_16384_Offset_4,_2018_16384_Offset_5,_2018_16384_Offset_6,_2018_16384_Offset_7,_2018_16384_Offset_8,_2018_16384_Offset_9,_2018_16384_Offset_10,_2018_16384_Offset_11,_2018_16384_Offset_12,_2018_16384_Offset_13,_2018_16384_Offset_14,_2018_16384_Offset_15,_2018_16384_Offset_16,_2018_32768_1,_2018_32768_2,_2018_32768_3,_2018_32768_4,_2018_32768_5,_2018_32768_6,_2018_32768_7,_2018_32768_8,_2018_32768_Offset_1,_2018_32768_Offset_2,_2018_32768_Offset_3,_2018_32768_Offset_4,_2018_32768_Offset_5,_2018_32768_Offset_6,_2018_32768_Offset_7,_2018_32768_Offset_8,_2018_32768_Offset_9,_2018_32768_Offset_10,_2018_32768_Offset_11,_2018_32768_Offset_12,_2018_32768_Offset_13,_2018_32768_Offset_14,_2018_32768_Offset_15,_2018_32768_Offset_16,_2018_8192_1,_2018_8192_2,_2018_8192_3,_2018_8192_4,_2018_8192_5,_2018_8192_6,_2018_8192_7,_2018_8192_8,_2018_8192_Offset_1,_2018_8192_Offset_2,_2018_8192_Offset_3,_2018_8192_Offset_4,_2018_8192_Offset_5,_2018_8192_Offset_6,_2018_8192_Offset_7,_2018_8192_Offset_8,_2018_8192_Offset_9,_2018_8192_Offset_10,_2018_8192_Offset_11,_2018_8192_Offset_12,_2018_8192_Offset_13,_2018_8192_Offset_14,_2018_8192_Offset_15,_2018_8192_Offset_16,_2027_1_1,_2027_1_2,_2027_1_3,_2027_1_4,_2027_1_5,_2027_1_6,_2027_1_7,_2027_1_8,_2034_1_1,_2034_1_2,_2034_1_3,_2034_1_4,_2034_1_5,_2034_1_6,_2034_1_7,_2034_1_8
8,w3,8;224.56.24.0.0,2022301,10.2900867358781,12.2484552677356,19.1696025924066,19.3527662977609,11.296515385192,8.19953622800814,37.0851669077901,14.9846664082214,8.96661106097608,10.392613123274,13.0201722854103,18.1645771281855,38.7536554240114,22.3742745186294,25.2224020255394,23.0681208864139,12.920140640882,25.0462293185438,5.25734312426637,18.4242983843923,27.1295508539676,43.6708347814684,15.5113923940103,27.5516029243934,47.9050555968335,17.5486293219449,48.1080601882144,34.6823840694684,16.1554944214035,12.5299640861417,18.1107702762748,19.6977156035922,25.9615099714943,12.0415945787923,37.3630833845388,28.6356421265527,8.54400374531753,3.60555127546399,29.0688837074973,24.0831891575846,42.2965719651132,29.2745623366089,32.2024843762092,31.2569992161756,14.142135623731,36.6196668472011,10,36.7967389859482,28.7923600977759,34.928498393146,30.2324329156619,27,44.7213595499958,17.1172427686237,63.3245607959503,47.927027865287,15.8113883008419,23.0217288664427,21.5870331449229,21.0237960416286,6.40312423743285,9.21954445729289,56.4358042380899,22.8035085019828,6,8.48528137423857,13.4536240470737,22.0227155455452,55.5427763079953,26.9072480941474,31.2409987036266,27.2946881279124,18.7882942280559,33.9558536926993,6,18.3575597506858,28.0178514522438,58.1807528311554,16.2788205960997,28.8617393793236,63.5059052372297,15.6204993518133,61.1882341631134,50,3.78104109337258,7.97160825337531,9.63885415879776,16.8965558501537,18.0225553127186,13.4580310062947,10.3816177934889,34.6826177754671,17.6346316012189,8.45505797912928,23.2703055173234,4.37726737983324,1.95256241897666,14.7173755307019,25.8220505224869,46.0607131732106,12.4321992187157,20.2735526263776,9.08705131943651,28.9068255177117,30.5256040071282,23.3662316427698,7.03167340546899,27.7478522039278,20.9606392024005,10.7711469900479,21.7923671351679,4.18256425389852,9.37083240699566,21.9721018942733,28.4917243111228,41.2467646834621,20.9857392583278,12.0594041550555,26.8497117528908,6.12322167963807,1.67705098312484,16.6510148002724,29.1852420620598,49.3349985428995,22.5337679498859,27.7597699327552,34.5895988182667,33.0814508983913,29.4501697787975,14.9071428398745,24.2303771932683,58.6507634386035,8.33709837112242,18.0249587584254,18.4690947440974,26.4668373162917,25.5110270275424,12.3866617610241,7.12585467888711,41.635690270185,40.8640936839317,37.5924775093864,29.4953367891786,38.5997173522746,43.7357119525909,49.8882901987733,42.2190106246851,18.6217145586248,8.06225774829855,11.1803398874989,16.2788205960997,17.1172427686237,18.7882942280559,11.0453610171873,11.0453610171873,50.2195181179589,19.0262975904404,5.65685424949238,28.4253408071038,4.47213595499958,2.82842712474619,14.8660687473185,26.4764045897475,60.8358446970205,14.7648230602334,23.4093998214393,12.8062484748657,29.1204395571221,31.3049516849971,20.8086520466848,7,43,23.7697286480094,8.06225774829855,25.2388589282479,4.12310562561766,10.0498756211209,21.4009345590327,29.1547594742265,55.2268050859363,22.0227155455452,9.21954445729289,31.890437438204,6.08276253029822,1,17.2626765016321,29.8328677803526,63.9531078212779,18.2482875908947,29.2061637330205,41.194659848092,33.2415402771893,29.4108823397055,16.1245154965971,24.3310501211929,74.1080292545956,5.09901951359278,20.8806130178211,24.738633753706,26.6833281282527,26,10.4403065089106,7.28010988928052,57.0350769263968,45.2216762183801,38.0131556174964,23.8537208837531,38.6393581727233,44.5533388198909,47.8539444560216,42.5440947723653,24.6981780704569,14.1121025573185,16.3735093833328,1.86400665426776,23.3593640793301,26.4726402176738,24.892544396895,14.4576384250151,23.2432352724439,18.2242062789767,18.8694548370204,4.85990779501414,23.5432780237622,27.3542176868653,22.4415811196769,14.8285712744574,38.7748950104693,11.4446321327924,24.5259235393028,9.92931820549826,22.4724873058065,28.076529242472,36.4404821982166,20.230131738158,27.8129211724898,321.340179443359,270,180,26.5650520324707,94.3987045288086,180,116.565048217773,270,225,0,338.962493896484,108.434951782227,270,71.5650482177734,83.9909973144531,60.2551193237305,172.079635620117,89.2285308837891,177.167297363281,192.845748901367,246.107604980469,13.7388000488281,80.5292053222656,46.2777862548828,183.008346557617,213.397674560547,295.554992675781,1.67016088962555,65.1367950439453,210.334259033203,221.007843017578,258.141906738281,307.136077880859,76.2873916625977,273.028625488281,322.265045166016,2.11241102218628,54.6793785095215,337.140106201172,13.111515045166,58.5837631225586,44.3895606994629,77.1765213012695,93.0787887573242,10.1919250488281,-1.41793823242188,-0.1649169921875,-12.2473449707031,19.1461791992188,-0.947357177734375,18.868408203125,4.30264282226563,4.5753173828125,10.3284912109375,-7.96493530273438,-1.94735717773438,-6.1021728515625,-36.5796813964844,-10.3568420410156,-10.8294067382813,8.95425415039063,0.4705810546875,8.67648315429688,5.7205810546875,-5.61660766601563,11.7464294433594,-18.1568603515625,-0.5294189453125,-16.2940979003906,-35.1617431640625,19.3110961914063,11.2999877929688,19.0333251953125,16.5499877929688,4.740234375,22.5758361816406,-7.80001831054688,10.2999877929688,-5.937255859375,-24.3323364257813,-0.27777099609375,5.25,-14.5708618164063,11.2758483886719,-27.1111145019531,-1,-25.2483520507813,-35.63232421875,-14.2930908203125,6.02584838867188,-26.8333435058594,-6.25,-24.9705810546875,-40.88232421875,-12.5402526855469,-12.2758483886719,-10.677490234375,-46.9081726074219,1.86276245117188,-34.63232421875,201.801406860352,28.6104602813721,173.659805297852,203.962493896484,285.642242431641,318.366455078125,105.524108886719,24.7751407623291,110.556045532227,213.690063476563,319.184906005859,355.236358642578,83.2110290527344,187.853317260742,205.769332885742,262.647613525391,261.869903564453,124.99201965332,270,312.797393798828,339.676849365234,76.7594833374023,325.784301757813,0,79.6951522827148,83.2901611328125,105.572540283203,113.355567932129,15,6,-11,-6,18,-2,18,8,-7,25,-9,8,10,-36,-26,-12,3,-8,3,2,-22,19,-24,2,-5,-42,29,4,29,14,4,31,2,14,21,-30,0,10,-25,27,-27,10,-8,-34,-25,17,-27,0,-8,-44,-2,-17,17,-61,19,-44,161.565048217773,92.4895553588867,166.607498168945,182.726318359375,218.659805297852,40.6012954711914,82.8749847412109,52.1250152587891,180,225,318.012786865234,2.60256218910217,66.6659622192383,221.987213134766,230.194427490234,261.573028564453,295.201110839844,76.3730087280273,270,330.642242431641,2.04540848731995,61.232349395752,349.380340576172,14.0362434387207,63.8384323120117,39.8055725097656,78.690071105957,90,15,-5,1,-23,21,-5,21,1,5,4,-7,-6,-7,-56,-14,-18,6,0,6,6,-10,9,-22,-1,-22,-51,20,18,20,24,4,27,-8,17,-8,-33,0,6,-16,9,-28,-1,-28,-51,-16,3,-28,-7,-28,-57,-12,-10,-12,-60,0,-50,308.784332275391,191.061248779297,74.7622833251953,186.797882080078,203.720397949219,260.561737060547,354.472473144531,75.8635864257813,9.96839904785156,31.9207897186279,41.1087074279785,113.962409973145,219.805572509766,330.371704101563,11.1648759841919,59.3656425476074,226.029083251953,201.80143737793,158.7060546875,196.06640625,205.725616455078,235.582885742188,264.559753417969,95.2301864624023,346.347595214844,340.872375488281,19.571268081665,286.990905761719,279.211029052734,315.953796386719,353.955902099609,50.0767135620117,13.9317274093628,32.4496955871582,40.1152153015137,78.4861068725586,26.5650520324707,341.527557373047,13.8775253295898,57.5510635375977,101.861114501953,122.27562713623,97.4195251464844,135.952560424805,142.935546875,128.142349243164,82.0928115844727,88.5632400512695,142.696044921875,158.962493896484,110.495567321777,166.897201538086,178.315322875977,205.209533691406,79.2156219482422,90.7285614013672,287.618133544922,273.319091796875,295.145965576172,259.886932373047,261.453033447266,278.987030029297,298.790985107422,352.6953125,-2.368408203125,2.94735717773438,7.82351684570313,1.5294189453125,-2.5333251953125,-9.29998779296875,16.7777709960938,2,16.5,7.25,2.2069091796875,13.2758483886719,-10.3333435058594,1,-8.4705810546875,-33.63232421875,-17.368408203125,-3.05264282226563,-7.17648315429688,-4.4705810546875,-17.5333251953125,-15.2999877929688,1.77777099609375,-4,1.5,1.25,-12.7930908203125,7.27584838867188,-25.3333435058594,-5,-23.4705810546875,-39.63232421875,8.631591796875,8.94735717773438,18.8235168457031,7.5294189453125,8.4666748046875,-3.29998779296875,27.7777709960938,8,27.5,13.25,13.2069091796875,19.2758483886719,0.666656494140625,7,2.5294189453125,-27.63232421875,-20.368408203125,4.94735717773438,-10.1764831542969,3.5294189453125,-20.5333251953125,-7.29998779296875,-1.22222900390625,4,-1.5,9.25,-15.7930908203125,15.2758483886719,-28.3333435058594,3,-26.4705810546875,-31.63232421875,-20.368408203125,-5.05264282226563,-10.1764831542969,-6.4705810546875,-20.5333251953125,-17.2999877929688,-1.22222900390625,-6,-1.5,-0.75,-15.7930908203125,5.27584838867188,-28.3333435058594,-7,-26.4705810546875,-41.63232421875,4.631591796875,-22.0526428222656,14.8235168457031,-23.4705810546875,4.4666748046875,-34.2999877929688,23.7777709960938,-23,23.5,-17.75,9.2069091796875,-11.7241516113281,-3.33334350585938,-24,-1.4705810546875,-58.63232421875,6.631591796875,-5.05264282226563,16.8235168457031,-6.4705810546875,6.4666748046875,-17.2999877929688,25.7777709960938,-6,25.5,-0.75,11.2069091796875,5.27584838867188,-1.33334350585938,-7,0.5294189453125,-41.63232421875,-12.368408203125,38.9473571777344,-2.17648315429688,37.5294189453125,-12.5333251953125,26.7000122070313,6.77777099609375,38,6.5,43.25,-7.7930908203125,49.2758483886719,-20.3333435058594,37,-18.4705810546875,2.36767578125,299.744873046875,190.304840087891,79.3803482055664,186.709838867188,205.201126098633,264.805572509766,354.805572509766,77.3474426269531,356.987213134766,45,50.7105941772461,116.565048217773,225,340.346160888672,10.8855266571045,64.6986236572266,241.699249267578,199.983108520508,128.659805297852,195.945388793945,206.565048217773,234.782409667969,270,90,337.7509765625,330.255126953125,33.6900672912598,284.036254882813,275.710601806641,322.594635009766,354.093872070313,58.3245315551758,2.60256218910217,40.6012954711914,48.8140754699707,80.5376815795898,0,349.992034912109,13.5704345703125,63.0342864990234,99.4623184204102,128.04704284668,95.5721969604492,136.218872070313,144.688781738281,119.74488067627,80.5376815795898,86.9059448242188,168.690063476563,163.300750732422,104.036247253418,167.005386352539,180,196.699249267578,74.0546035766602,87.9904479980469,288.034271240234,268.492553710938,303.023864746094,259.562530517578,260.960510253906,280.840301513672,299.577850341797,31.7594795227051,-4,7,11,2,-3,-16,17,2,17,8,1,11,-11,1,-11,-49,-19,1,-4,-4,-18,-22,2,-4,2,2,-14,5,-26,-5,-26,-55,7,13,22,8,8,-10,28,8,28,14,12,17,0,7,0,-43,-22,9,-7,4,-21,-14,-1,4,-1,10,-17,13,-29,3,-29,-47,-22,-1,-7,-6,-21,-24,-1,-6,-1,0,-17,3,-29,-7,-29,-57,3,-18,18,-23,4,-41,24,-23,24,-17,8,-14,-4,-24,-4,-74,5,-1,20,-6,6,-24,26,-6,26,0,10,3,-2,-7,-2,-57,-14,43,1,38,-13,20,7,38,7,44,-9,47,-21,37,-21,-13,299.744873046875,161.565048217773,98.7461624145508,180,270,59.0362434387207,0,68.5522613525391,89.3880310058594,50.8265762329102,90.4361953735352,34.3009796142578,44.0737571716309,79.0555114746094,122.717002868652,255.164154052734,-0.631591796875,-14.9473571777344,-10.8235168457031,-13.5294189453125,-0.4666748046875,-2.70001220703125,-19.7777709960938,-14,-19.5,-19.25,-5.2069091796875,-25.2758483886719,7.33334350585938,-13,5.4705810546875,21.63232421875,94.660888671875,44.2373466491699,264.321563720703,33.9962043762207,44.4739151000977,80.9780349731445,124.884735107422,257.366119384766,1,-19,-14,-14,0,4,-20,-14,-20,-20,-4,-23,8,-13,8,37,77.2842178344727,44.4132461547852,148.663055419922,24.0657596588135,43.0440864562988,97.0631942749023,108.684516906738,296.751342773438,-3,-12,-18,-18,8,-6,-21,-10,-21,-20,4,-37,6,-20,-13,24,19,17,30,9,4,29,15,68,0.592822373774811,2.42774799687301,1.61990410913964,1.31528477024349,0.564120696719796,4.07322123114345,2.10987696914152,5.21108321149702
